[javafront.jpg]
filters=warm=1;Vignette=1,35.000000,1.400000,0.000000,00000000;Vignette=1,35.000000,1.400000,0.000000,00000000;
moddate=e2b825991de5d101
width=500
height=400
textactive=0
[webfront.jpg]
filters=Vignette=1,35.000000,1.400000,0.000000,00000000;
moddate=06f12c8a1de5d101
width=957
height=444
textactive=0
[androidfront.jpg]
filters=Vignette=1,35.000000,1.400000,0.000000,00000000;
moddate=6660ee921de5d101
width=720
height=450
textactive=0
